[[18576.0, 8852.906374501983, 6091.400637619643, 10075.509803921626, 1241.2264102955387, 738.7916421424366, 1517.0019733596482, 4323.226527909964, 2052.0, 8230.0, 5887.0, 2402.0, 5.0], [8852.906374501983, 4958.855805860238, 2126.347299431393, 4702.8166158893455, 600.2105879853048, 363.6263749899651, 735.4643389933037, 2052.00609224321, 427.1464143426302, 4507.6942231075855, 2720.267928286839, 1194.8117529880494, 2.986055776892428], [6091.400637619643, 2126.347299431393, 2951.266985965861, 3316.1320247546473, 399.230150176343, 228.02760414856272, 479.2356258173172, 1374.8657833456546, 1147.3219978746024, 1769.4208289054175, 2607.714133900109, 566.5090329436758, 0.43464399574920476], [10075.509803921626, 4702.8166158893455, 3316.1320247546473, 6593.126105344169, 581.7999439462455, 357.80546034383974, 736.0764515640166, 2271.0282795288012, 1482.5294117647077, 4566.882352941211, 2689.686274509808, 1332.3529411764684, 4.0588235294117645], [1241.2264102955387, 600.2105879853048, 399.230150176343, 581.7999439462455, 140.06722594574825, 77.43321235034033, 160.7365214131669, 315.60906882594116, 129.14204689963887, 548.0577089373846, 406.17472913169547, 157.65194058700868, 0.19998473981382572], [738.7916421424366, 363.6263749899651, 228.02760414856272, 357.80546034383974, 77.43321235034033, 48.171349689019664, 93.90126508038776, 172.15117424496884, 70.0417892878165, 348.7602231004233, 229.01423806721033, 90.8821996132179, 0.09319207376888367], [1517.0019733596482, 735.4643389933037, 479.2356258173172, 736.0764515640166, 160.7365214131669, 93.90126508038776, 196.92668535695526, 354.93042463884194, 162.9041276105902, 696.337937839171, 460.50682453543806, 197.02647590856785, 0.2266074658773228], [4323.226527909964, 2052.00609224321, 1374.8657833456546, 2271.0282795288012, 315.60906882594116, 172.15117424496884, 354.93042463884194, 1327.0268412918451, 518.1697080040287, 2120.078516158397, 1100.2246934525074, 583.9796485565712, 0.77396173845878], [2052.0, 427.1464143426302, 1147.3219978746024, 1482.5294117647077, 129.14204689963887, 70.0417892878165, 162.9041276105902, 518.1697080040287, 2052.0, 0.0, 0.0, 0.0, 0.0], [8230.0, 4507.6942231075855, 1769.4208289054175, 4566.882352941211, 548.0577089373846, 348.7602231004233, 696.337937839171, 2120.078516158397, 0.0, 8230.0, 0.0, 0.0, 0.0], [5887.0, 2720.267928286839, 2607.714133900109, 2689.686274509808, 406.17472913169547, 229.01423806721033, 460.50682453543806, 1100.2246934525074, 0.0, 0.0, 5887.0, 0.0, 0.0], [2402.0, 1194.8117529880494, 566.5090329436758, 1332.3529411764684, 157.65194058700868, 90.8821996132179, 197.02647590856785, 583.9796485565712, 0.0, 0.0, 0.0, 2402.0, 0.0], [5.0, 2.986055776892428, 0.43464399574920476, 4.0588235294117645, 0.19998473981382572, 0.09319207376888367, 0.2266074658773228, 0.77396173845878, 0.0, 0.0, 0.0, 0.0, 5.0]]